[
     {
          "trans": [
               0.020474636927247047,
               0.015212658792734146,
               0.33187130093574524
          ],
          "score": 0.2330237478017807,
          "rotation_matrix": [
               [
                    0.07559296488761902,
                    0.010053366422653198,
                    0.9970880746841431
               ],
               [
                    0.2812020480632782,
                    -0.9595779180526733,
                    -0.011643797159194946
               ],
               [
                    0.9566666483879089,
                    0.28126341104507446,
                    -0.0753643661737442
               ]
          ]
     },
     {
          "trans": [
               0.029146557673811913,
               0.017553601413965225,
               0.33045873045921326
          ],
          "score": 0.2303982973098755,
          "rotation_matrix": [
               [
                    -0.13066884875297546,
                    0.5942420363426208,
                    0.7936007380485535
               ],
               [
                    0.17043437063694,
                    -0.7750834226608276,
                    0.6084389090538025
               ],
               [
                    0.9766666889190674,
                    0.21476083993911743,
                    -9.38749433743169e-09
               ]
          ]
     },
     {
          "trans": [
               0.022050654515624046,
               0.018208272755146027,
               0.3315829634666443
          ],
          "score": 0.22785736620426178,
          "rotation_matrix": [
               [
                    0.1040186807513237,
                    -0.5302912592887878,
                    0.8414103388786316
               ],
               [
                    0.09528963267803192,
                    -0.8367940187454224,
                    -0.5391620397567749
               ],
               [
                    0.9900000095367432,
                    0.13626061379909515,
                    -0.036510951817035675
               ]
          ]
     },
     {
          "trans": [
               0.03352820873260498,
               0.016423657536506653,
               0.3301554322242737
          ],
          "score": 0.20497411489486694,
          "rotation_matrix": [
               [
                    -0.3117106556892395,
                    0.8860930800437927,
                    0.3430385887622833
               ],
               [
                    0.11383622884750366,
                    -0.3235997259616852,
                    0.9393212795257568
               ],
               [
                    0.9433333277702332,
                    0.331846684217453,
                    -1.450547948422809e-08
               ]
          ]
     },
     {
          "trans": [
               0.020084340125322342,
               0.013208894059062004,
               0.3313918113708496
          ],
          "score": 0.19153621792793274,
          "rotation_matrix": [
               [
                    0.3237262964248657,
                    -0.8658037185668945,
                    0.3815564215183258
               ],
               [
                    0.13362950086593628,
                    -0.3573911786079407,
                    -0.9243456125259399
               ],
               [
                    0.9366666674613953,
                    0.3502221703529358,
                    -1.530869653265654e-08
               ]
          ]
     },
     {
          "trans": [
               0.020134950056672096,
               0.025757720693945885,
               0.3290275037288666
          ],
          "score": 0.18483158946037292,
          "rotation_matrix": [
               [
                    0.23938868939876556,
                    -0.9551721215248108,
                    -0.17418190836906433
               ],
               [
                    -0.04234448820352554,
                    0.168956458568573,
                    -0.9847134947776794
               ],
               [
                    0.9700000286102295,
                    0.24310491979122162,
                    -1.0626453494921861e-08
               ]
          ]
     },
     {
          "trans": [
               0.04101192578673363,
               0.005917178932577372,
               0.33500000834465027
          ],
          "score": 0.16644683480262756,
          "rotation_matrix": [
               [
                    -0.348649799823761,
                    -0.6444469094276428,
                    0.6805376410484314
               ],
               [
                    0.2938424050807953,
                    -0.764648973941803,
                    -0.5735577940940857
               ],
               [
                    0.89000004529953,
                    0.0,
                    0.45596054196357727
               ]
          ]
     },
     {
          "trans": [
               0.01516146119683981,
               0.020574094727635384,
               0.33000001311302185
          ],
          "score": 0.16549253463745117,
          "rotation_matrix": [
               [
                    0.23938868939876556,
                    0.1741819530725479,
                    -0.9551721215248108
               ],
               [
                    -0.04234448820352554,
                    0.9847134947776794,
                    0.16895650327205658
               ],
               [
                    0.9700000286102295,
                    0.0,
                    0.24310491979122162
               ]
          ]
     },
     {
          "trans": [
               0.019818060100078583,
               0.04509495943784714,
               0.33500000834465027
          ],
          "score": 0.16150251030921936,
          "rotation_matrix": [
               [
                    0.05689249932765961,
                    0.9917080998420715,
                    -0.11523126810789108
               ],
               [
                    -0.43903547525405884,
                    0.12851069867610931,
                    0.8892316222190857
               ],
               [
                    0.8966667056083679,
                    0.0,
                    0.44270631670951843
               ]
          ]
     },
     {
          "trans": [
               0.026801269501447678,
               -0.004586227238178253,
               0.34299999475479126
          ],
          "score": 0.14860469102859497,
          "rotation_matrix": [
               [
                    0.022774772718548775,
                    -0.9989326000213623,
                    -0.0401865616440773
               ],
               [
                    0.4925254285335541,
                    0.04619145020842552,
                    -0.869071364402771
               ],
               [
                    0.8700000047683716,
                    0.0,
                    0.4930517077445984
               ]
          ]
     },
     {
          "trans": [
               0.04284955561161041,
               0.038014184683561325,
               0.335999995470047
          ],
          "score": 0.1441565454006195,
          "rotation_matrix": [
               [
                    -0.34101662039756775,
                    0.7053799033164978,
                    0.6214070916175842
               ],
               [
                    -0.33935707807540894,
                    -0.708829402923584,
                    0.6183830499649048
               ],
               [
                    0.8766666650772095,
                    0.0,
                    0.4810982644557953
               ]
          ]
     },
     {
          "trans": [
               0.009013000875711441,
               0.04856056347489357,
               0.3384484052658081
          ],
          "score": 0.12951235473155975,
          "rotation_matrix": [
               [
                    0.32332366704940796,
                    -0.8847866058349609,
                    0.3355807363986969
               ],
               [
                    -0.38744980096817017,
                    -0.44731858372688293,
                    -0.8060947060585022
               ],
               [
                    0.8633333444595337,
                    0.13060884177684784,
                    -0.4874391257762909
               ]
          ]
     },
     {
          "trans": [
               -0.11831177771091461,
               0.12812179327011108,
               0.3440000116825104
          ],
          "score": 0.025019068270921707,
          "rotation_matrix": [
               [
                    0.4683450758457184,
                    -0.04131782799959183,
                    -0.88257896900177
               ],
               [
                    0.019367540255188942,
                    0.999146044254303,
                    -0.036497414112091064
               ],
               [
                    0.8833333253860474,
                    0.0,
                    0.4687453508377075
               ]
          ]
     },
     {
          "trans": [
               -0.15646128356456757,
               0.10347127914428711,
               0.36000001430511475
          ],
          "score": 0.019467461854219437,
          "rotation_matrix": [
               [
                    0.2466955929994583,
                    -0.818062424659729,
                    -0.5195335149765015
               ],
               [
                    0.3508991003036499,
                    0.5751293897628784,
                    -0.7389830350875854
               ],
               [
                    0.903333306312561,
                    0.0,
                    0.42893925309181213
               ]
          ]
     },
     {
          "trans": [
               -0.14816932380199432,
               0.12179714441299438,
               0.3499999940395355
          ],
          "score": 0.013985171914100647,
          "rotation_matrix": [
               [
                    0.3237262964248657,
                    -0.3815563917160034,
                    -0.8658037185668945
               ],
               [
                    0.13362950086593628,
                    0.9243456125259399,
                    -0.3573911488056183
               ],
               [
                    0.9366666674613953,
                    0.0,
                    0.3502221703529358
               ]
          ]
     },
     {
          "trans": [
               -0.1444842517375946,
               0.12267490476369858,
               0.35047924518585205
          ],
          "score": 0.012964136898517609,
          "rotation_matrix": [
               [
                    0.3237262964248657,
                    -0.10246416926383972,
                    0.940586268901825
               ],
               [
                    0.13362950086593628,
                    -0.979202389717102,
                    -0.15266281366348267
               ],
               [
                    0.9366666674613953,
                    0.17511102557182312,
                    -0.3033013343811035
               ]
          ]
     },
     {
          "trans": [
               -0.11273085325956345,
               0.1279660165309906,
               0.3436741232872009
          ],
          "score": 0.010017040185630322,
          "rotation_matrix": [
               [
                    0.3237262964248657,
                    0.14446882903575897,
                    0.935056209564209
               ],
               [
                    0.13362950086593628,
                    -0.9853489398956299,
                    0.10597524046897888
               ],
               [
                    0.9366666674613953,
                    0.09064411371946335,
                    -0.33828866481781006
               ]
          ]
     },
     {
          "trans": [
               -0.12684126198291779,
               0.1419375091791153,
               0.3373420834541321
          ],
          "score": 0.008737850934267044,
          "rotation_matrix": [
               [
                    0.05689249932765961,
                    -0.3679780066013336,
                    -0.9280923008918762
               ],
               [
                    -0.43903547525405884,
                    0.8256706595420837,
                    -0.35428205132484436
               ],
               [
                    0.8966667056083679,
                    0.42762142419815063,
                    -0.1145809143781662
               ]
          ]
     },
     {
          "trans": [
               -0.14523136615753174,
               0.134482279419899,
               0.3449999988079071
          ],
          "score": 0.0072800167836248875,
          "rotation_matrix": [
               [
                    0.34578391909599304,
                    0.5014076232910156,
                    -0.7931103110313416
               ],
               [
                    -0.2003888636827469,
                    0.8652112483978271,
                    0.45962366461753845
               ],
               [
                    0.9166666865348816,
                    0.0,
                    0.3996526300907135
               ]
          ]
     }
]